519568
519588
519589
519601
519602
519606
519610
519611
519612
519613
519614
519615
519616
519617
519618
519619
519620
519621
519622
519623
519624
519625
519626
519627
519628
519629
519630
519631
519632
519640
519641
519642
519644
519646
519647
519648
519651
519652
519653
519654
519655
519656
519657
519660
519661
519662
519663
519664
519665
519666
519667
519668
519669
519670
519671
519672
519673
519674
519675
519676
519677
519678
519679
519680
519682
519683
519685
519686
519688
519690
519692
519694
519696
519697
519698
519700
519702
519704
519706
519709
519710
519712
519714
519716
519717
519718
519720
519721
519722
519723
519725
519726
519727
519729
519730
519731
519732
519733
519735
519736
519738
519740
519743
519745
519746
519748
519752
519753
519755
519756
519759
519760
519761
519762
519763
519766
519767
519768
519769
519770
519771
519772
519773
519776
519777
519778
519779
519782
519783
519784
519785
519786
519787
519800
519801
519808
519809
519858
519859
519878
519879
519888
519889
519898
519899
519908
519909
519915
519918
519929
519931
519933
519935
519937
519940
519941
519942
519943
519944
519945
519947
519949
519951
519953
519955
519956
519957
519959
519960
519961
519962
519963
519965
519967
519969
519971
519972
519973
519975
519976
519977
519979
519981
519983
519985
519987
519989
519991
519993
519995
519997
519998
519999
530001
530002
530003
530005
530006
530008
530009
530010
530011
530012
530014
530015
530016
530017
530018
530019
530020
530021
530028
530029
530030
531008
531009
531014
531017
531020
531021
531028
531029
531030
539001
539002
539003
540001
540002
540003
540004
540005
540006
540007
540008
540009
540010
540011
540012
541005
541011
550001
550002
550003
550004
550005
550008
550009
550010
550011
550012
550013
550015
550016
550018
550019
560001
560002
560003
560006
570001
570005
570006
570007
570008
571002
573003
580001
580002
580003
580005
580006
580007
580008
580009
582001
582002
582003
582201
582202
583001
583101
585001
590001
590002
590003
590005
590006
590007
590008
590009
590010
610001
610002
610003
610004
610005
610006
610007
610008
610103
610108
620001
620002
620003
620004
620006
620007
620008
620009
620010
620011
630001
630002
630003
630005
630006
630007
630008
630009
630010
630011
630012
630015
630016
630103
630107
630109
630112
650001
650002
660001
660002
660003
660004
660005
660006
660007
660008
660009
660010
660011
660012
660013
660015
660016
660102
660107
660109
660116
671010
671030
673010
673020
673030
673040
673043
673050
673060
673071
673073
673081
673083
673090
673100
673101
673110
673120
673141
673143
675011
675013
675031
675032
675041
675043
675051
675053
675061
675062
675071
675072
675081
675083
675091
675093
675100
675111
675113
675121
675123
675161
675163
686868
686869
688888
690001
690002
690003
690004
690005
690006
690007
690008
690009
690010
690011
690012
690202
690206
690210
690212
700001
700002
700003
700004
700005
700006
710001
710002
710301
710302
710501
710502
720001
720002
720003
730001
730002
730003
730103
740001
740101
740601
740602
750001
750002
750003
750005
750006
750007
762001
770001
960042