净值日期 单位净值 累计净值 日增长率 申购状态 赎回状态 分红送配
2016-04-15 1.0010 1.0240 0 
2016-04-08 1.0010 1.0240 0 
2016-04-01 1.0010 1.0240 0 
2016-03-25 1.0010 1.0240 0 
2016-03-18 1.0010 1.0240 0 
2016-03-11 1.0010 1.0240 0 
2016-03-04 1.0010 1.0240 0 
2016-02-26 1.0010 1.0240 0 
2016-02-19 1.0010 1.0240 0 
2016-02-05 1.0010 1.0240 0 
2016-01-29 1.0010 1.0240 0 
2016-01-22 1.0010 1.0240 0 
2016-01-15 1.0010 1.0240 0 
2016-01-08 1.0010 1.0240 0 
2015-12-31 1.0010 1.0240 0 
2015-12-25 1.0010 1.0240 0 
2015-12-18 1.0010 1.0240 0 
2015-12-11 1.0010 1.0240 0 
2015-12-04 1.0010 1.0240 0 
2015-11-27 1.0010 1.0240 0 
2015-11-20 1.0010 1.0240 0 
2015-11-13 1.0010 1.0240 0 
2015-11-06 1.0010 1.0240 0 
2015-10-30 1.0010 1.0240 0 
2015-10-23 1.0010 1.0240 0 
2015-10-16 1.0010 1.0240 0 
2015-10-09 1.0010 1.0240 0 
2015-09-30 1.0010 1.0240 0 
2015-09-25 1.0010 1.0240 0 
2015-09-18 1.0010 1.0240 0 
