净值日期 单位净值 累计净值 日增长率 申购状态 赎回状态 分红送配
2019-02-15 1.0990 1.0990 0 
2019-02-01 1.0990 1.0990 0 
2019-01-25 1.0990 1.0990 0 
2019-01-18 1.0990 1.0990 0 
2019-01-11 1.0990 1.0990 0 
2019-01-04 1.0990 1.0990 0 
2018-12-31 1.0990 1.0990 0 
2018-12-28 1.0990 1.0990 0 
2018-12-21 1.0990 1.0990 0 
2018-12-14 1.0990 1.0990 0 
2018-12-07 1.0990 1.0990 0 
2018-11-30 1.0990 1.0990 0 
2018-11-23 1.0990 1.0990 0 
2018-11-16 1.0990 1.0990 0 
2018-11-09 1.0990 1.0990 0 
2018-11-02 1.0990 1.0990 0 
2018-10-26 1.0990 1.0990 0 
2018-10-19 1.0990 1.0990 0 
2018-10-12 1.0990 1.0990 0 
2018-09-28 1.0990 1.0990 0 
2018-09-21 1.0990 1.0990 0 
2018-09-14 1.0990 1.0990 0 
2018-09-07 1.0990 1.0990 0 
2018-08-31 1.0990 1.0990 0 
2018-08-24 1.0990 1.0990 0 
2018-08-17 1.0990 1.0990 0 
2018-08-10 1.0990 1.0990 0 
2018-08-03 1.0990 1.0990 0 
2018-07-27 1.0990 1.0990 0 
2018-07-20 1.0990 1.0990 0 
2018-07-13 1.0990 1.0990 0 
2018-07-06 1.0990 1.0990 0 
2018-06-30 1.0990 1.0990 0 
2018-06-29 1.0990 1.0990 0 
2018-06-22 1.0990 1.0990 0 
2018-06-15 1.0990 1.0990 0 
2018-06-08 1.0990 1.0990 0 
2018-06-01 1.0990 1.0990 0 
2018-05-25 1.0990 1.0990 0 
2018-05-18 1.0990 1.0990 0 
2018-05-11 1.0990 1.0990 0 
2018-05-04 1.0990 1.0990 0 
2018-04-27 1.0990 1.0990 0 
2018-04-20 1.0990 1.0990 0 
2018-04-13 1.0990 1.0990 0 
2018-04-04 1.0990 1.0990 0 
2018-03-30 1.0990 1.0990 0 
2018-03-23 1.0990 1.0990 0 
2018-03-16 1.0990 1.0990 0 
2018-03-09 1.0990 1.0990 0 
2018-03-02 1.0990 1.0990 0 
2018-02-23 1.0990 1.0990 0 
2018-02-14 1.0990 1.0990 0 
2018-02-09 1.0990 1.0990 0 
2018-02-02 1.0990 1.0990 0 
2018-01-26 1.0990 1.0990 0 
2018-01-19 1.0990 1.0990 0 
2018-01-12 1.0990 1.0990 0 
2018-01-05 1.0990 1.0990 0 
2017-12-31 1.0990 1.0990 0 
2017-12-29 1.0990 1.0990 0 
2017-12-22 1.0990 1.0990 0 
2017-12-15 1.0990 1.0990 0 
2017-12-08 1.0990 1.0990 0 
2017-12-01 1.0990 1.0990 0 
2017-11-24 1.0990 1.0990 0 
2017-11-17 1.0990 1.0990 0 
2017-11-10 1.0990 1.0990 0 
2017-11-03 1.0990 1.0990 0 
2017-10-27 1.0990 1.0990 0 
2017-10-20 1.0990 1.0990 0 
2017-10-13 1.0150 1.0150 0.00% 开放申购 开放赎回
2017-10-12 1.0150 1.0150 0.10% 开放申购 开放赎回
2017-10-11 1.0140 1.0140 -0.10% 开放申购 开放赎回
2017-10-10 1.0150 1.0150 0.00% 开放申购 开放赎回
2017-10-09 1.0150 1.0150 0.10% 开放申购 开放赎回
2017-09-29 1.0150 1.0150 0 
2017-09-22 1.0150 1.0150 0 
2017-09-15 1.0150 1.0150 0 
2017-09-08 1.0150 1.0150 0 
2017-09-01 1.0150 1.0150 0 
2017-08-25 1.0150 1.0150 0 
2017-08-18 1.0150 1.0150 0 
2017-08-11 1.0150 1.0150 0 
2017-08-04 1.0150 1.0150 0 
2017-07-28 1.0150 1.0150 0 
2017-07-21 1.0150 1.0150 0 
2017-07-14 1.0150 1.0150 0 
2017-07-07 1.0150 1.0150 0 
2017-06-30 1.0150 1.0150 0 
2017-06-23 1.0150 1.0150 0 
2017-06-16 1.0150 1.0150 0 
2017-06-09 1.0150 1.0150 0 
2017-06-02 1.0150 1.0150 0 
2017-05-26 1.0150 1.0150 0 
2017-05-19 1.0150 1.0150 0 
2017-05-12 1.0150 1.0150 0 
2017-05-05 1.0150 1.0150 0 
2017-04-28 1.0150 1.0150 0 
2017-04-21 1.0150 1.0150 0 
2017-04-14 1.0150 1.0150 0 
2017-04-07 1.0150 1.0150 0 
2017-03-31 1.0150 1.0150 0 
2017-03-24 1.0150 1.0150 0 
2017-03-17 1.0150 1.0150 0 
2017-03-10 1.0150 1.0150 0 
2017-03-03 1.0150 1.0150 0 
2017-02-24 1.0150 1.0150 0 
2017-02-17 1.0150 1.0150 0 
2017-02-10 1.0150 1.0150 0 
2017-02-03 1.0100 1.0100 -0.10% 暂停申购 暂停赎回
2017-01-26 1.0100 1.0100 0 
2017-01-20 1.0100 1.0100 0 
2017-01-13 1.0100 1.0100 0 
2017-01-06 1.0100 1.0100 0 
2016-12-31 1.0110 1.0110 0.00% 暂停申购 暂停赎回
2016-12-30 1.0110 1.0110 0 
2016-12-23 1.0110 1.0110 0 
2016-12-16 1.0110 1.0110 0 
2016-12-09 1.0110 1.0110 0 
2016-12-02 1.0110 1.0110 0 
2016-11-25 1.0110 1.0110 0 
2016-11-18 1.0110 1.0110 0 
2016-11-11 1.0110 1.0110 0 
2016-11-04 1.0110 1.0110 0 
2016-10-28 1.0110 1.0110 0 
2016-10-21 1.0110 1.0110 0 
2016-10-14 1.0110 1.0110 0 
2016-09-30 1.0110 1.0110 0 
2016-09-23 1.0110 1.0110 0 
2016-09-14 1.0110 1.0110 0 
2016-09-09 1.0110 1.0110 0 
2016-09-02 1.0110 1.0110 0 
2016-08-26 1.0110 1.0110 0 
2016-08-19 1.0110 1.0110 0 
2016-08-12 1.0110 1.0110 0 
2016-08-05 1.0110 1.0110 0 
2016-07-29 1.0110 1.0110 0 
2016-07-22 1.0110 1.0110 0 
