净值日期 单位净值 累计净值 日增长率 申购状态 赎回状态 分红送配
2019-02-15 1.0962 1.0962 0 
2019-02-01 1.0962 1.0962 0 
2019-01-25 1.0962 1.0962 0 
2019-01-18 1.0962 1.0962 0 
2019-01-11 1.0962 1.0962 0 
2019-01-04 1.0962 1.0962 0 
2018-12-31 1.0962 1.0962 0 
2018-12-28 1.0962 1.0962 0 
2018-12-21 1.0962 1.0962 0 
2018-12-14 1.0962 1.0962 0 
2018-12-07 1.0962 1.0962 0 
2018-11-30 1.0962 1.0962 0 
2018-11-23 1.0962 1.0962 0 
2018-11-16 1.0962 1.0962 0 
2018-11-09 1.0962 1.0962 0 
2018-11-02 1.0962 1.0962 0 
2018-10-26 1.0962 1.0962 0 
2018-10-19 1.0962 1.0962 0 
2018-10-12 1.0962 1.0962 0 
2018-09-28 1.0962 1.0962 0 
2018-09-21 1.0962 1.0962 0 
2018-09-14 1.0962 1.0962 0 
2018-09-07 1.0962 1.0962 0 
2018-08-31 1.0962 1.0962 0 
2018-08-24 1.0962 1.0962 0 
2018-08-17 1.0962 1.0962 0 
2018-08-10 1.0962 1.0962 0 
2018-08-03 1.0962 1.0962 0 
2018-07-27 1.0962 1.0962 0 
2018-07-20 1.0962 1.0962 0 
2018-07-13 1.0962 1.0962 0 
2018-07-06 1.0962 1.0962 0 
2018-06-30 1.0962 1.0962 0 
2018-06-29 1.0962 1.0962 0 
2018-06-22 1.0962 1.0962 0 
2018-06-15 1.0962 1.0962 0 
2018-06-08 1.0962 1.0962 0 
2018-06-01 1.0962 1.0962 0 
