净值日期 单位净值 累计净值 日增长率 申购状态 赎回状态 分红送配
2019-02-15 0.9707 0.9707 0 
2019-02-01 0.9707 0.9707 0 
2019-01-25 0.9707 0.9707 0 
2019-01-18 0.9707 0.9707 0 
2019-01-11 0.9707 0.9707 0 
2019-01-04 0.9707 0.9707 0 
2018-12-31 0.9707 0.9707 0 
2018-12-28 0.9707 0.9707 0 
2018-12-21 0.9707 0.9707 0 
2018-12-14 0.9707 0.9707 0 
2018-12-07 0.9707 0.9707 0 
2018-11-30 0.9707 0.9707 0 
2018-11-23 0.9707 0.9707 0 
2018-11-16 0.9707 0.9707 0 
2018-11-09 0.9707 0.9707 0 
2018-11-02 0.9707 0.9707 0 
2018-10-26 0.9707 0.9707 0 
2018-10-19 0.9707 0.9707 0 
2018-10-12 0.9707 0.9707 0 
2018-09-28 0.9707 0.9707 0 
2018-09-21 0.9707 0.9707 0 
2018-09-14 0.9707 0.9707 0 
2018-09-07 0.9707 0.9707 0 
2018-08-31 0.9707 0.9707 0 
2018-08-24 0.9707 0.9707 0 
2018-08-17 0.9707 0.9707 0 
2018-08-10 0.9707 0.9707 0 
2018-08-03 0.9707 0.9707 0 
2018-07-27 0.9707 0.9707 0 
2018-07-20 0.9707 0.9707 0 
2018-07-13 0.9707 0.9707 0 
2018-07-06 0.9707 0.9707 0 
2018-06-30 0.9707 0.9707 0 
2018-06-29 0.9707 0.9707 0 
2018-06-22 0.9707 0.9707 0 
2018-06-15 0.9707 0.9707 0 
2018-06-08 0.9707 0.9707 0 
2018-06-01 0.9707 0.9707 0 
