净值日期 单位净值 累计净值 日增长率 申购状态 赎回状态 分红送配
2019-03-05 1.2168 1.04 0 
2019-03-04 1.2168 1.04 0 
2019-03-01 1.2168 1.04 0 
2019-02-28 1.1533 0.67 0 
2019-02-27 1.1533 0.67 0 
2019-02-26 1.1533 0.67 0 
2019-02-25 1.1533 0.67 0 
2019-02-22 1.1533 0.67 0 
2019-02-21 1.1533 0.67 0 
2019-02-20 1.1533 0.67 0 
2019-02-19 1.1533 0.67 0 
2019-02-18 1.1533 0.67 0 
2019-02-15 1.1533 0.67 0 
2019-02-14 1.1533 0.67 0 
2019-02-13 1.1533 0.67 0 
2019-02-12 1.1533 0.67 0 
2019-02-11 1.1533 0.67 0 
2019-02-01 1.1533 0.67 0 
2019-01-31 1.1533 0.67 0 
2019-01-30 1.1533 0.67 0 
2019-01-29 1.1533 0.67 0 
2019-01-28 1.1533 0.67 0 
2019-01-25 1.1533 0.67 0 
2019-01-24 1.1533 0.67 0 
2019-01-23 1.1533 0.67 0 
2019-01-22 1.1533 0.67 0 
2019-01-21 1.1533 0.67 0 
2019-01-18 1.1533 0.67 0 
2019-01-17 1.1533 0.67 0 
2019-01-16 1.1533 0.67 0 
2019-01-15 1.1533 0.67 0 
2019-01-14 1.1533 0.67 0 
2019-01-11 1.1533 0.67 0 
2019-01-10 1.1533 0.67 0 
2019-01-09 1.1533 0.67 0 
2019-01-08 1.1533 0.67 0 
2019-01-07 1.1533 0.67 0 
2019-01-04 1.1533 0.67 0 
2019-01-03 1.1533 0.67 0 
2019-01-02 1.1533 0.67 0 
2018-12-31 1.1533 0.67 0 
2018-12-28 0.9963 0.9963 -0.06% 开放申购 开放赎回
2018-12-27 0.9963 0.9963 0 
2018-12-26 0.9963 0.9963 0 
2018-12-25 0.9963 0.9963 0 
2018-12-24 0.9963 0.9963 0 
2018-12-21 0.9963 0.9963 0 
2018-12-20 0.9963 0.9963 0 
2018-12-19 0.9963 0.9963 0 
2018-12-18 0.9963 0.9963 0 
2018-12-17 0.9963 0.9963 0 
2018-12-14 0.9963 0.9963 0 
2018-12-13 0.9963 0.9963 0 
2018-12-12 0.9963 0.9963 0 
2018-12-11 0.9963 0.9963 0 
2018-12-10 0.9963 0.9963 0 
2018-12-07 0.9963 0.9963 0 
2018-12-06 0.9963 0.9963 0 
2018-12-05 0.9963 0.9963 0 
2018-12-04 0.9963 0.9963 0 
2018-12-03 0.9963 0.9963 0 
2018-11-30 0.9963 0.9963 0 
