净值日期 单位净值 累计净值 日增长率 申购状态 赎回状态 分红送配
2019-02-01 105.1570 1.2190 0 
2019-01-25 105.1570 1.2190 0 
2019-01-18 105.1570 1.2190 0 
2019-01-11 105.1570 1.2190 0 
2019-01-10 105.1570 1.2190 0 
2019-01-04 105.1570 1.2190 0 
2018-12-31 105.1570 1.2190 0 
2018-12-28 105.1570 1.2190 0 
2018-12-21 105.1570 1.2190 0 
2018-12-14 105.1570 1.2190 0 
2018-12-07 105.1570 1.2190 0 
2018-11-30 105.1570 1.2190 0 
2018-11-23 105.1570 1.2190 0 
2018-11-16 105.1570 1.2190 0 
2018-11-09 105.1570 1.2190 0 
2018-11-02 105.1570 1.2190 0 
2018-10-26 105.1570 1.2190 0 
2018-10-19 105.1570 1.2190 0 
2018-10-12 105.1570 1.2190 0 
2018-09-28 105.1570 1.2190 0 
2018-09-21 105.1570 1.2190 0 
2018-09-14 105.1570 1.2190 0 
2018-09-07 105.1570 1.2190 0 
2018-08-31 105.1570 1.2190 0 
2018-08-24 105.1570 1.2190 0 
2018-08-17 105.1570 1.2190 0 
2018-08-10 105.1570 1.2190 0 
2018-08-03 105.1570 1.2190 0 
2018-07-27 105.1570 1.2190 0 
2018-07-20 105.1570 1.2190 0 
2018-07-13 105.1570 1.2190 0 
2018-07-06 105.1570 1.2190 0 
2018-06-30 105.1570 1.2190 0 
2018-06-29 105.1570 1.2190 0 
2018-06-22 105.1570 1.2190 0 
2018-06-15 105.1570 1.2190 0 
2018-06-08 105.1570 1.2190 0 
2018-06-01 105.1570 1.2190 0 
2018-05-25 105.1570 1.2190 0 
2018-05-18 105.1570 1.2190 0 
2018-05-11 105.1570 1.2190 0 
2018-05-04 105.1570 1.2190 0 
2018-04-27 105.1570 1.2190 0 
2018-04-20 105.1570 1.2190 0 
2018-04-13 105.1570 1.2190 0 
2018-04-04 105.1570 1.2190 0 
2018-03-30 105.1570 1.2190 0 
2018-03-23 105.1570 1.2190 0 
2018-03-16 105.1570 1.2190 0 
2018-03-09 105.1570 1.2190 0 
2018-03-02 105.1570 1.2190 0 
2018-02-23 105.1570 1.2190 0 
2018-02-14 105.1570 1.2190 0 
2018-02-09 105.1570 1.2190 0 
2018-02-02 105.1570 1.2190 0 
2018-01-26 105.1570 1.2190 0 
2018-01-19 105.1570 1.2190 0 
2018-01-12 105.1570 1.2190 0 
2018-01-05 105.1570 1.2190 0 
2017-12-31 105.1570 1.2190 0 
2017-12-29 105.1570 1.2190 0 
2017-12-22 105.1570 1.2190 0 
2017-12-15 105.1570 1.2190 0 
2017-12-08 105.1570 1.2190 0 
2017-12-01 105.1570 1.2190 0 
2017-11-24 105.1570 1.2190 0 
2017-11-17 105.1570 1.2190 0 
2017-11-10 105.1570 1.2190 0 
2017-11-03 105.1570 1.2190 0 
2017-10-27 105.1570 1.2190 0 
2017-10-20 105.1570 1.2190 0 
2017-10-13 105.1570 1.2190 0 
2017-09-29 105.1570 1.2190 0 
2017-09-22 105.1570 1.2190 0 
2017-09-15 105.1570 1.2190 0 
2017-09-08 105.1570 1.2190 0 
2017-09-01 105.1570 1.2190 0 
2017-08-25 105.1570 1.2190 0 
2017-08-18 105.1570 1.2190 0 
2017-08-11 105.1570 1.2190 0 
2017-08-04 105.1570 1.2190 0 
2017-07-28 105.1570 1.2190 0 
2017-07-21 105.1570 1.2190 0 
2017-07-14 105.1570 1.2190 0 
2017-07-07 105.1570 1.2190 0 
2017-06-30 105.1570 1.2190 0 
2017-06-23 105.1570 1.2190 0 
2017-06-16 105.1570 1.2190 0 
2017-06-09 105.1570 1.2190 0 
2017-06-02 105.1570 1.2190 0 
2017-05-26 105.1570 1.2190 0 
2017-05-19 105.1570 1.2190 0 
2017-05-12 105.1570 1.2190 0 
2017-05-05 105.1570 1.2190 0 
2017-04-28 105.1570 1.2190 0 
2017-04-21 105.1570 1.2190 0 
2017-04-14 105.1570 1.2190 0 
2017-04-07 105.1570 1.2190 0 
2017-03-31 105.1570 1.2190 0 
2017-03-24 105.1570 1.2190 0 
2017-03-17 105.1570 1.2190 0 
2017-03-10 105.1570 1.2190 0 
2017-03-03 105.1570 1.2190 0 
2017-02-24 105.1570 1.2190 0 
2017-02-17 105.1570 1.2190 0 
2017-02-10 105.1570 1.2190 0 
2017-02-03 101.0090 1.1030 -0.07% 场内买入 场内卖出
2017-01-26 101.0090 1.1030 0 
2017-01-20 101.0090 1.1030 0 
2017-01-13 101.0090 1.1030 0 
2017-01-06 101.0090 1.1030 0 
2016-12-31 106.0270 1.0990 0.01% 场内买入 场内卖出
2016-12-30 106.0270 1.0990 0 
2016-12-23 106.0270 1.0990 0 
2016-12-16 106.0270 1.0990 0 
2016-12-09 106.0270 1.0990 0 
2016-12-02 106.0270 1.0990 0 
2016-11-25 106.0270 1.0990 0 
2016-11-18 106.0270 1.0990 0 
2016-11-11 106.0270 1.0990 0 
2016-11-04 106.0270 1.0990 0 
2016-10-28 106.0270 1.0990 0 
2016-10-21 106.0270 1.0990 0 
2016-10-14 106.0270 1.0990 0 
2016-09-30 106.0270 1.0990 0 
2016-09-23 106.0270 1.0990 0 
2016-09-14 106.0270 1.0990 0 
2016-09-09 106.0270 1.0990 0 
2016-09-02 106.0270 1.0990 0 
2016-08-26 106.0270 1.0990 0 
2016-08-19 106.0270 1.0990 0 
2016-08-12 106.0270 1.0990 0 
2016-08-05 106.0270 1.0990 0 
2016-07-29 106.0270 1.0990 0 
2016-07-22 106.0270 1.0990 0 
2016-07-15 106.0270 1.0990 0 
2016-07-08 106.0270 1.0990 0 
2016-07-01 105.3660 1.0920 0.12% 场内买入 场内卖出
2016-06-30 105.3660 1.0920 0 
2016-06-24 105.3660 1.0920 0 
2016-06-17 105.3660 1.0920 0 
2016-06-08 105.3660 1.0920 0 
2016-06-03 105.3660 1.0920 0 
2016-05-27 105.3660 1.0920 0 
2016-05-20 105.3660 1.0920 0 
2016-05-13 105.3660 1.0920 0 
2016-05-06 105.3660 1.0920 0 
2016-04-29 105.3660 1.0920 0 
2016-04-22 105.3660 1.0920 0 
2016-04-15 105.3660 1.0920 0 
2016-04-08 105.3660 1.0920 0 
2016-04-01 105.3660 1.0920 0 
2016-03-25 105.3660 1.0920 0 
2016-03-18 105.3660 1.0920 0 
2016-03-11 105.3660 1.0920 0 
2016-03-04 105.3660 1.0920 0 
2016-02-26 105.3660 1.0920 0 
2016-02-19 105.3660 1.0920 0 
2016-02-05 105.3660 1.0920 0 
2016-01-29 105.3660 1.0920 0 
2016-01-22 105.3660 1.0920 0 
2016-01-15 105.3660 1.0920 0 
2016-01-13 105.3660 1.0920 0 
2016-01-08 105.3660 1.0920 0 
2015-12-31 105.3660 1.0920 0 
2015-12-25 105.3660 1.0920 0 
2015-12-18 105.3660 1.0920 0 
2015-12-11 105.3660 1.0920 0 
2015-12-04 105.3660 1.0920 0 
2015-11-27 105.3660 1.0920 0 
2015-11-20 105.3660 1.0920 0 
2015-11-13 105.3660 1.0920 0 
2015-11-06 105.3660 1.0920 0 
2015-10-30 105.3660 1.0920 0 
2015-10-23 105.3660 1.0920 0 
2015-10-16 105.3660 1.0920 0 
2015-10-09 105.3660 1.0920 0 
